200,0,0,1223776,203416,32989,265512,156284,135352,39570,44045 , 74 , 332 , -127.00 , 541 , 94284 , 89508 , 35
200,0,0,679286,7839,31240,69254,32655,16804,13891,2133 , 72 , 163 , -127.00 , 0 , 94784 , 89806 , 31
200,0,0,118647,59075,10582,60699,33684,32815,11476,9201 , 78 , 320 , -127.00 , 486 , 94898 , 89951 , 56
200,0,0,1822468,242010,121705,156138,162028,117680,28912,22466 , 77 , 430 , -127.00 , 530 , 95067 , 90035 , 35
200,0,0,1227709,82951,288001,509175,153640,149389,31135,21381 , 73 , 322 , -127.00 , 518 , 94905 , 89975 , 42
200,0,0,1688080,219437,86801,81000,159262,131581,37557,16572 , 77 , 388 , -127.00 , 488 , 94970 , 89962 , 62
200,0,0,968685,24116,390603,439970,150742,127849,32116,15994 , 78 , 324 , -127.00 , 527 , 94881 , 89865 , 23
200,0,0,1506777,38759,147231,238063,137228,75425,23956,21970 , 75 , 444 , -127.00 , 912 , 95021 , 89860 , 62
200,0,0,2195652,52718,408532,480622,246228,204567,41272,17362 , 84 , 332 , -127.00 , 553 , 94621 , 89703 , 30
200,0,0,555734,82234,78382,51417,52800,26218,4103,3390 , 81 , 339 , -127.00 , 603 , 95066 , 89911 , 32
200,0,0,897684,13062,54928,99556,40352,48263,16596,3146 , 74 , 321 , -127.00 , 496 , 94877 , 89838 , 34
200,0,0,1779915,570449,403232,170384,181636,103918,19100,16762 , 82 , ! , -127.00 , 530 , 95076 , 89928 , 31
200,0,0,242976,71153,22378,52206,36025,31000,7924,4579 , 73 , 331 , -127.00 , 554 , 95042 , 89952 , 46
200,0,0,922848,182082,88583,207412,98449,134835,36598,31591 , 79 , 350 , -127.00 , 508 , 95207 , 90030 , 49
200,0,0,664273,8338,31085,35368,16791,13611,11024,9466 , 75 , 342 , -127.00 , 527 , 95034 , 89956 , 41
200,0,0,1428477,293246,68853,135355,94173,105901,36169,24982 , 79 , 371 , -127.00 , 550 , 95001 , 89924 , 45
200,0,0,672553,92186,14680,21902,29514,19395,5963,2343 , 85 , 330 , -127.00 , 390 , 94226 , 89501 , 63
200,0,0,663978,70220,20161,39467,17861,27254,8973,5062 , 75 , 389 , -127.00 , 555 , 95058 , 90258 , 42
200,0,0,963237,59141,18516,30927,38939,19138,5078,4043 , 74 , 337 , -127.00 , 542 , 94947 , 89964 , 30
200,0,0,2253524,94916,123675,246133,99289,129647,37418,20992 , 83 , 387 , -127.00 , 537 , 94916 , 89984 , 45
200,0,0,792228,52792,62792,67034,26114,16945,4934,3727 , 74 , 333 , -127.00 , 544 , 94818 , 90053 , 53
200,0,0,643171,15009,21205,52108,22686,27040,10350,4945 , 78 , 366 , -127.00 , 533 , 94922 , 90148 , 54
200,0,0,2633728,334274,287858,122536,92644,83955,19416,16829 , 72 , 332 , -127.00 , 525 , 94851 , 90293 , 36
200,0,0,572307,20698,37204,64896,35978,34240,6139,3616 , 75 , 364 , -127.00 , 546 , 94828 , 90301 , 40
200,0,0,2515751,60575,111517,198123,112957,84435,26009,17586 , 75 , 330 , -127.00 , 533 , 94765 , 90333 , 44
200,0,0,1968878,109991,118216,211357,70940,115647,29317,12302 , 72 , 325 , -127.00 , 532 , 94829 , 90409 , 33
200,0,0,1152187,176421,120915,48088,33481,31008,7066,4752 , 77 , 453 , -127.00 , 531 , 94704 , 90364 , 43
200,0,0,741266,16985,37948,46979,20245,28013,10078,3521 , 74 , 336 , -127.00 , 549 , 94952 , 90563 , 53
200,0,0,1536934,112446,111476,24467,33300,27734,9825,4297 , 74 , 437 , -127.00 , 528 , 95082 , 90676 , 38
200,0,0,969552,20099,47700,56878,19653,17906,6192,5457 , 72 , 332 , -127.00 , 526 , 94965 , 90719 , 50
200,0,0,855399,92283,111746,39365,35658,19420,6590,3797 , 74 , 400 , -127.00 , 518 , 95004 , 90782 , 50
200,0,0,820628,60993,35359,43389,31160,25209,8843,4331 , 75 , 329 , -127.00 , 522 , 94879 , 90787 , 53
200,0,0,1037793,18717,14217,37406,24542,26151,9931,5562 , 76 , 370 , -127.00 , 526 , 94889 , 90830 , 54
200,0,0,798764,100400,32460,25144,20014,13429,6799,4208 , 76 , 329 , -127.00 , 577 , 94625 , 90726 , 34
200,0,0,673857,93397,88872,22327,16290,20941,7471,4382 , 73 , 381 , -127.00 , 533 , 94857 , 90868 , 54
200,0,0,358464,52531,21915,25822,19428,14580,4956,2407 , 73 , 346 , -127.00 , 515 , 94848 , 90972 , 47
200,0,0,780872,58618,47145,37895,18192,20040,5245,2719 , 77 , 341 , -127.00 , 971 , 94722 , 90994 , 36
200,0,0,2798816,271269,81701,128083,97199,63001,26161,9310 , 75 , 325 , -127.00 , 553 , 94947 , 91114 , 54
200,0,0,595159,111641,82243,26603,20203,20521,8600,2667 , 73 , 315 , -127.00 , 489 , 95245 , 91271 , 44
200,0,0,1826745,138523,88430,97550,106449,62687,27067,9692 , 73 , 324 , -127.00 , 526 , 94945 , 91203 , 26
200,0,0,471231,80861,43166,31017,19717,20758,5540,1778 , 74 , 331 , -127.00 , 406 , 95190 , 91368 , 37
200,0,0,818123,92951,105274,28108,36938,26822,5211,3872 , 75 , 332 , -127.00 , 601 , 94653 , 91160 , 34
200,0,0,352875,23422,50875,48635,28500,22371,9315,2753 , 79 , 336 , -127.00 , 545 , 94867 , 91220 , 37
200,0,0,1369475,88615,57348,26725,19412,17618,5031,2504 , 83 , 392 , -127.00 , 608 , 94538 , 91090 , 42
200,0,0,375175,9759,41115,44959,18969,20949,7820,3146 , 72 , 348 , -127.00 , 537 , 94899 , 91282 , 42
200,0,0,2275882,302435,225531,94006,106236,80291,21750,15911 , 71 , 418 , -127.00 , 544 , 94708 , 91148 , 40
200,0,0,337376,13300,42131,53399,21019,22204,7198,3392 , 74 , 344 , -127.00 , 587 , 94979 , 91336 , 35
200,0,0,580250,129554,66171,30522,38596,27943,4387,1890 , 69 , 455 , -127.00 , 970 , 94449 , 91042 , 35
200,0,0,1401350,20894,36788,40279,12420,17387,9435,3991 , 76 , 331 , -127.00 , 513 , 94770 , 91264 , 62
200,0,0,1308851,77744,101468,33555,31709,27332,4950,3995 , 88 , ! , -127.00 , 198 , 95038 , 91417 , 38
80,0,0,637937,40785,46213,42926,22139,17310,7849,3291 , 92 , 273 , -127.00 , 458 , 95012 , 91447 , 51
80,0,0,928086,125446,46701,61790,106099,43558,14550,5303 , 107 , 427 , -127.00 , 581 , 95062 , 91389 , 33
29,0,0,1266282,80020,20517,8459,11156,14730,3450,3304 , 78 , 351 , -127.00 , 541 , 94850 , 91350 , 48
29,0,0,1319031,171342,212635,108646,66546,71681,36788,14253 , 78 , 226 , -127.00 , 680 , 94459 , 91097 , 37
29,0,0,978080,87738,23511,31731,33558,22008,6768,5468 , 82 , 398 , -127.00 , 495 , 94600 , 91204 , 30
29,0,0,938464,293681,212226,131725,131634,130322,17437,15963 , 78 , 363 , -127.00 , 527 , 94449 , 91170 , 39
200,0,0,1495995,120358,209410,334661,134782,53941,19881,13404 , 80 , 400 , -127.00 , 519 , 94585 , 91242 , 42
200,0,0,1696901,434159,258410,88581,92017,127571,36884,14943 , 76 , 328 , -127.00 , 495 , 94370 , 91222 , 46
200,0,0,2175481,402584,240333,144298,96867,84152,16077,11810 , 73 , 412 , -127.00 , 526 , 93934 , 90984 , 32
200,0,0,995854,19944,28787,52387,30259,25527,10130,6309 , 74 , 352 , -127.00 , 553 , 94244 , 91185 , 31
200,0,0,935185,55487,91884,262551,167774,167623,35194,23798 , 73 , 465 , -127.00 , 549 , 94068 , 91065 , 47
200,0,0,2464015,119353,184126,253721,127779,115283,77041,52508 , 74 , 339 , -127.00 , 555 , 94360 , 91317 , 33
200,0,0,397725,14213,32508,46938,33530,23070,5454,10583 , 96 , 469 , -127.00 , 0 , 95317 , 91762 , 37
80,0,0,578997,27619,34831,30013,14315,17936,9785,4696 , 96 , 312 , -127.00 , 446 , 95629 , 91931 , 45
54,0,0,364793,117576,172302,108923,201725,215978,8176,9837 , 110 , 374 , -127.00 , 494 , 95794 , 92013 , 22
54,0,0,5482,4104,2363,2759,2763,1935,1062,771 , 86 , 337 , -127.00 , 1 , 95389 , 91861 , 52
29,0,0,1308899,20165,16849,12788,22539,25450,4734,2531 , 93 , 343 , -127.00 , 549 , 95503 , 91948 , 30
54,0,0,799480,199243,76069,85613,25997,64592,27984,10859 , 92 , 326 , -127.00 , 537 , 95641 , 92055 , 44
55,0,0,870934,96266,19237,24778,7277,10130,8690,4865 , 86 , 412 , -127.00 , 514 , 95821 , 92095 , 50
29,0,0,1153815,635495,88903,263259,92161,129021,33847,20128 , 83 , 334 , -127.00 , 512 , 95506 , 91978 , 37
29,0,0,683466,180275,81099,325139,111372,140624,27100,28574 , 82 , 353 , -127.00 , 544 , 95501 , 91999 , 51
80,0,0,949834,144777,92871,232522,148844,113519,35731,21960 , 81 , 362 , -127.00 , 550 , 94847 , 91707 , 39
80,0,0,950484,82046,206706,268505,108062,81903,29744,19055 , 79 , 324 , -127.00 , 543 , 95244 , 91927 , 51
55,0,0,950528,66510,119078,351100,75202,73212,28157,22213 , 106 , 353 , -127.00 , 711 , 95527 , 92110 , 38
80,0,0,1352908,79003,48832,15849,83316,79849,27878,16423 , 99 , 330 , -127.00 , 523 , 95242 , 91990 , 37
80,0,0,1275012,283206,143139,32821,161100,109871,41137,29311 , 130 , 330 , -127.00 , 476 , 95497 , 92157 , 39
29,0,0,1822988,136985,181282,235380,118334,141445,45950,22810 , 91 , 475 , -127.00 , 546 , 95404 , 91906 , 37
80,0,0,1336127,56309,129771,239637,116159,87379,19980,14452 , 89 , 332 , -127.00 , 558 , 95273 , 92037 , 38
80,0,0,1530472,49692,178888,259656,156239,55121,18550,14066 , 101 , 334 , -127.00 , 533 , 95479 , 92057 , 37
55,0,0,566804,175825,97953,51025,40526,33741,5262,5465 , 86 , ! , -127.00 , 470 , 95663 , 92165 , 46
80,0,0,1285056,13329,192427,349208,143064,80405,23524,13146 , 87 , 376 , -127.00 , 581 , 95141 , 91794 , 56
55,0,0,1469845,218746,143245,181866,107110,81170,34075,23473 , 84 , 331 , -127.00 , 535 , 95535 , 92076 , 39
80,0,0,1106512,180423,20350,138900,140348,95730,43808,13583 , 86 , 388 , -127.00 , 501 , 95730 , 92120 , 29
80,0,0,786910,107290,43521,214217,159242,92372,21835,17831 , 84 , 332 , -127.00 , 495 , 95467 , 91952 , 30
80,0,0,1284229,119328,92302,204144,158287,111069,33186,14284 , 83 , ! , -127.00 , 495 , 95769 , 92116 , 61
80,0,0,690492,93230,98938,156377,107986,60070,16894,13295 , 89 , 322 , -127.00 , 552 , 95210 , 91857 , 44
80,0,0,703483,162070,183538,200253,129785,104183,46182,20937 , 81 , 326 , -127.00 , 535 , 95685 , 92053 , 33
80,0,0,1034130,39990,59928,298114,109989,87583,22282,17005 , 81 , 449 , -127.00 , 563 , 95433 , 91767 , 51
80,0,0,1681904,115278,234475,238443,93900,91044,35037,21597 , 90 , 326 , -127.00 , 538 , 95652 , 91973 , 37
80,0,0,1817711,85408,104417,172375,91297,64247,18417,11781 , 85 , 408 , -127.00 , 517 , 95784 , 91985 , 32
80,0,0,1755063,27105,216962,334318,140360,78959,18842,9982 , 93 , 334 , -127.00 , 526 , 95519 , 91839 , 44
80,0,0,322021,7507,56973,84230,41311,21285,7766,5143 , 89 , 299 , -127.00 , 522 , 95676 , 91904 , 49
80,0,0,487703,15051,38620,96855,46015,30684,8919,6780 , 89 , 323 , -127.00 , 600 , 95433 , 91847 , 32
80,0,0,1039658,68168,38344,164402,136229,82630,28623,13144 , 96 , 331 , -127.00 , 512 , 95616 , 91896 , 51
80,0,0,902873,103589,50333,206811,118980,81755,26474,13891 , 88 , 332 , -127.00 , 549 , 95206 , 91695 , 43
80,0,0,675870,143158,37008,171367,147536,110231,30604,17839 , 85 , 339 , -127.00 , 504 , 95526 , 91765 , 42
80,0,0,1073873,87725,117782,151650,134480,87048,19514,14543 , 86 , 343 , -127.00 , 586 , 94961 , 91543 , 34
80,0,0,941401,79167,57041,192027,112867,86290,40360,12839 , 94 , 325 , -127.00 , 549 , 95461 , 91744 , 31
80,0,0,879266,148627,65586,141575,148264,94667,30504,18883 , 93 , 431 , -127.00 , 534 , 95658 , 91806 , 39
80,0,0,1360294,109887,157530,194110,69337,73553,27138,27829 , 82 , 326 , -127.00 , 536 , 95512 , 91803 , 51
29,0,0,1003340,133837,67862,194408,95897,120184,25991,31350 , 83 , 378 , -127.00 , 476 , 95640 , 91861 , 45
29,0,0,693484,1598399,170246,485411,478443,394566,182980,94769 , 81 , 352 , -127.00 , 507 , 95518 , 91801 , 28
80,0,0,832508,69210,137611,298245,95994,67687,23666,24275 , 86 , 373 , -127.00 , 494 , 95554 , 91821 , 49
80,0,0,2058369,103072,114359,255240,107079,83476,53692,18112 , 99 , 334 , -127.00 , 517 , 95329 , 91736 , 39
29,0,0,1555558,135225,130160,247549,97080,120754,32364,28390 , 89 , 350 , -127.00 , 514 , 95495 , 91813 , 28
80,0,0,971764,75473,118802,228060,121801,71799,27457,12418 , 94 , 352 , -127.00 , 468 , 95275 , 91757 , 40
80,0,0,206856,77771,70876,31859,41690,22793,8661,7334 , 86 , 154 , -127.00 , 582 , 95517 , 91878 , 33
80,0,0,1259841,97830,87209,262079,132990,83880,25496,20371 , 82 , 347 , -127.00 , 471 , 95183 , 91771 , 36
80,0,0,1396338,41547,163035,282546,85311,91729,21882,9154 , 82 , 434 , -127.00 , 536 , 95530 , 91939 , 48
80,0,0,1009323,85786,150111,324870,99567,62769,46251,35644 , 89 , 314 , -127.00 , 530 , 95112 , 91790 , 48
80,0,0,1191686,65703,144486,303249,97957,125682,47070,16768 , 87 , 321 , -127.00 , 531 , 95531 , 92012 , 25
80,0,0,1009611,91889,65234,181680,119184,67026,17285,15261 , 96 , 458 , -127.00 , 356 , 95154 , 91780 , 37
80,0,0,1815598,75476,148444,234245,90952,55894,19376,8602 , 84 , 331 , -127.00 , 123 , 95478 , 92044 , 38
80,0,0,1309896,91231,76531,143550,121246,58428,17849,12712 , 95 , 387 , -127.00 , 456 , 95579 , 92161 , 48
80,0,0,802685,13669,52927,104048,19892,22851,4758,3681 , 81 , 339 , -127.00 , 351 , 95501 , 92113 , 57
29,0,0,772349,202067,62933,177988,123253,136761,39494,33453 , 74 , 362 , -127.00 , 480 , 95585 , 92227 , 46
29,0,0,850588,336899,70716,68588,99379,86604,18255,13902 , 80 , 360 , -127.00 , 433 , 95274 , 92070 , 31
54,0,0,1542562,227784,72169,172753,78259,121664,44635,20411 , 80 , 518 , -127.00 , 695 , 95429 , 92152 , 34
80,0,0,794348,298269,103498,37268,142973,80922,31243,16661 , 80 , 341 , -127.00 , 473 , 94813 , 91924 , 33
80,0,0,555912,34540,14663,35556,19102,22111,6349,12099 , 84 , 331 , -127.00 , 358 , 95261 , 92086 , 37
54,0,0,1955183,473543,86950,123271,96553,62551,19305,23572 , 75 , 448 , -127.00 , 652 , 95578 , 92245 , 51
80,0,0,1566517,294873,145169,154584,94357,69605,29331,26532 , 73 , 342 , -127.00 , 705 , 95341 , 92130 , 41
80,0,0,1448164,40424,41485,59324,26345,17632,4973,6513 , 73 , 355 , -127.00 , 585 , 95461 , 92257 , 45
80,0,0,1053116,40858,191879,408030,199913,120805,33398,14815 , 74 , 332 , -127.00 , 657 , 95101 , 92137 , 55
29,0,0,866005,20087,42976,50509,23052,20594,3032,4637 , 72 , 321 , -127.00 , 531 , 95431 , 92307 , 32
55,0,0,1570662,43542,219273,408018,146752,187411,36591,19450 , 73 , 423 , -127.00 , 532 , 95042 , 92003 , 30
29,0,0,990427,100539,115683,291988,220691,127381,29710,36615 , 80 , 359 , -127.00 , 622 , 95368 , 92277 , 32
55,0,0,1714511,100768,388999,427489,106992,149433,36884,13565 , 78 , 371 , -127.00 , 432 , 95580 , 92389 , 50
55,0,0,870413,70122,218424,401090,172064,146265,33947,38017 , 75 , 352 , -127.00 , 641 , 95268 , 92262 , 38
55,0,0,270310,18260,77156,96858,31979,35037,3624,5088 , 77 , 353 , -127.00 , 504 , 95478 , 92360 , 52
55,0,0,1460651,275404,215277,176869,205390,113382,15667,19842 , 75 , 344 , -127.00 , 528 , 94816 , 92079 , 31
29,0,0,889256,350955,37724,162685,164277,173342,39906,14540 , 75 , 340 , -127.00 , 535 , 95354 , 92309 , 27
29,0,0,1118426,130096,135630,180992,79715,139003,31984,29177 , 79 , 445 , -127.00 , 537 , 95552 , 92350 , 45
80,0,0,903228,317530,79544,125875,118560,104702,24856,19461 , 75 , 337 , -127.00 , 463 , 95602 , 92429 , 37
55,0,0,1719877,77275,262151,285103,91197,148986,30359,45855 , 74 , 389 , -127.00 , 163 , 95675 , 92440 , 39
54,0,0,275868,77765,26530,12300,36893,21665,7038,6407 , 83 , 348 , -127.00 , 729 , 95470 , 92373 , 38
80,0,0,2182703,513116,209207,566591,469919,431697,134647,64901 , 83 , 207 , -127.00 , 567 , 95684 , 92431 , 39
80,0,0,434394,93005,90576,171515,129194,103766,32295,12652 , 84 , 328 , -127.00 , 539 , 95200 , 92242 , 15
80,0,0,1643145,89556,245599,319943,135185,51968,21394,10054 , 92 , 0 , -127.00 , 707 , 95461 , 92309 , 47
80,0,0,1889775,228737,81527,350470,227102,83064,22416,23497 , 94 , 0 , -127.00 , 763 , 95175 , 92142 , 53
55,0,0,897090,172451,167613,329082,113905,82399,45678,13290 , 165 , 0 , -127.00 , 969 , 94360 , 91713 , 41
29,0,0,708262,70629,21053,5688,17783,11113,2629,1056 , 430 , ! , -127.00 , 451 , 93387 , 91223 , 52
80,0,0,1309723,101736,118357,270833,84921,97768,35098,14746 , 267 , 0 , -127.00 , 597 , 94837 , 91882 , 33
80,0,0,666715,207083,47549,161441,155869,127752,33832,9003 , 128 , 115 , -127.00 , 602 , 94192 , 91518 , 49
80,0,0,1697202,70213,91033,219078,130745,77800,41866,9002 , 197 , ! , -127.00 , 512 , 94262 , 91658 , 52
80,0,0,977876,191819,67222,117244,161289,121199,33438,19672 , 118 , ! , -127.00 , 92 , 94199 , 91439 , 46
80,0,0,711160,19759,57115,84293,45161,18183,8513,1885 , 154 , 0 , -127.00 , 545 , 94041 , 91188 , 49
80,0,0,1322169,109573,54962,193431,139381,121342,30873,15229 , 517 , 0 , -127.00 , 539 , 93264 , 90909 , 31
80,0,0,929907,128866,27243,141068,159189,124642,40640,14529 , 355 , ! , -127.00 , 466 , 94270 , 91433 , 34
80,0,0,1243530,48931,167686,308809,159927,111199,30282,13778 , 292 , 0 , -127.00 , 572 , 94309 , 91412 , 32
80,0,0,851172,478949,31139,246097,271188,171563,72873,32962 , 621 , 62 , -127.00 , 727 , 93374 , 91024 , 29
80,0,0,788174,31076,15556,46752,39316,32401,9673,3760 , 679 , ! , -127.00 , 519 , 92875 , 90626 , 43
80,0,0,519310,4199,45619,56464,37161,31250,6532,4501 , 457 , ! , -127.00 , 476 , 93882 , 91245 , 41
80,0,0,1460789,186317,27359,142078,202318,134095,27202,19774 , 365 , 434 , -127.00 , 542 , 92811 , 90683 , 28
80,0,0,799275,202155,37937,237520,138234,103782,37316,10457 , 573 , 307 , -127.00 , 476 , 93780 , 91165 , 43
80,0,0,1479073,229169,26861,156898,173796,119782,40190,16830 , 610 , 0 , -127.00 , 539 , 93186 , 90882 , 35
80,0,0,849152,433346,99474,400861,203070,109466,37522,20783 , 679 , ! , -127.00 , 0 , 94915 , 91832 , 24
80,0,0,332169,29304,19760,36864,35456,24988,14512,4678 , 315 , ! , 85.00 , 683 , 95265 , 91987 , 30
80,0,0,507028,41267,39788,90774,69540,49974,19691,9103 , 132 , 0 , 85.00 , 591 , 95571 , 92140 , 32
80,0,0,2001655,368898,55193,174625,185675,73456,16210,8497 , 233 , 337 , -127.00 , 0 , 95787 , 92238 , 31
80,0,0,711162,190662,32255,171689,191854,128120,41331,15335 , 222 , 0 , -127.00 , 563 , 95544 , 92222 , 44
80,0,0,1432583,257066,35625,125282,220831,144929,40898,21611 , 228 , 0 , -127.00 , 828 , 95246 , 92116 , 43
80,0,0,1034748,250559,28992,147343,182214,116565,35033,20224 , 174 , 0 , -127.00 , 435 , 95902 , 92451 , 45
80,0,0,1713827,221453,25300,131034,172408,107947,31831,12316 , 166 , ! , -127.00 , 485 , 95793 , 92489 , 26
80,0,0,2545911,253721,38139,222108,191182,111382,28465,12165 , 136 , 333 , -127.00 , 512 , 96632 , 92889 , 44
80,0,0,835411,224054,69179,221306,141494,98946,44875,14643 , 127 , 189 , 85.00 , 640 , 96208 , 92742 , 43
80,0,0,774601,155918,36624,17569,26527,18674,9200,4633 , 104 , 122 , 85.00 , 507 , 95985 , 92690 , 53
80,0,0,772938,399139,253666,191216,212747,150512,70140,12940 , 174 , ! , 85.00 , 525 , 96615 , 92741 , 34
80,0,0,363168,152744,10261,135483,132656,66808,18652,2951 , 123 , ! , -127.00 , 468 , 96275 , 92834 , 34
80,0,0,1476022,425515,113581,185261,173220,76943,51005,24953 , 115 , 223 , -127.00 , 497 , 96670 , 93054 , 33
80,0,0,1221950,120218,110248,150674,159582,104752,45754,17800 , 148 , 191 , -127.00 , 523 , 96458 , 92926 , 26
80,0,0,778731,225687,62609,141734,158966,130896,74299,20904 , 108 , 352 , -127.00 , 720 , 96817 , 92974 , 50
80,0,0,1077665,121075,26123,137616,169588,114357,55483,19067 , 114 , ! , -127.00 , 509 , 97033 , 93230 , 37
80,0,0,916213,125199,49469,264791,133512,105211,24748,16796 , 98 , 347 , 85.00 , 470 , 96369 , 92974 , 50
80,0,0,1446047,297901,92625,740663,597612,349773,65819,92692 , 100 , 114 , -127.00 , 543 , 97290 , 93350 , 27
80,0,0,749728,105668,60882,232343,116093,87659,24787,12550 , 111 , 485 , -127.00 , 514 , 97172 , 93304 , 39
80,0,0,1991889,427890,23347,137022,165175,92357,51665,14590 , 253 , 483 , -127.00 , 554 , 96677 , 92887 , 35
80,0,0,782101,123938,97061,188155,140773,89822,35500,14440 , 322 , 0 , -127.00 , 666 , 96879 , 93104 , 45
80,0,0,861081,249546,112368,163529,158637,96572,66284,44312 , 112 , ! , -127.00 , 519 , 96458 , 92963 , 46
80,0,0,768282,195811,122461,218710,70138,84277,60151,26187 , 145 , ! , -127.00 , 518 , 96695 , 93010 , 49
80,0,0,1608680,77884,77679,218157,114250,110038,66665,17933 , 107 , 422 , 85.00 , 430 , 96783 , 93088 , 45
80,0,0,570339,67428,53204,6041,75123,76505,36360,32656 , 155 , 285 , 85.00 , 431 , 98316 , 93909 , 46
55,0,0,1232316,226455,113755,98623,120579,81793,25909,16455 , 114 , ! , 85.00 , 498 , 98414 , 93706 , 36
80,0,0,907640,56492,26369,76188,29276,29871,12676,5284 , 124 , ! , -127.00 , 479 , 97973 , 93751 , 49
80,0,0,592091,16431,59243,58002,17417,22898,7488,3762 , 139 , 288 , 85.00 , 480 , 98317 , 93793 , 48
80,0,0,1877434,196590,96579,53180,92437,55641,14950,4470 , 131 , ! , -127.00 , 532 , 96744 , 92989 , 27
80,0,0,627345,140034,72206,130611,118696,101639,69233,31668 , 109 , 401 , -127.00 , 484 , 97878 , 93649 , 39
80,0,0,1736625,67199,174503,216724,66180,62905,24526,25153 , 163 , 226 , -127.00 , 493 , 96925 , 93112 , 36
80,0,0,1038924,132202,89225,191074,107623,97210,40519,19574 , 106 , 315 , -127.00 , 532 , 95935 , 92791 , 25
80,0,0,758931,54437,132099,147901,57463,84201,46919,21551 , 103 , 391 , -127.00 , 421 , 97078 , 93304 , 28
80,0,0,1087095,112886,77913,160872,96519,100143,67557,26361 , 126 , 361 , -127.00 , 522 , 95828 , 92729 , 30
80,0,0,319022,15817,38983,51651,28469,25969,6887,4635 , 143 , 307 , -127.00 , 652 , 94586 , 92139 , 47
80,0,0,1523917,20694,266812,342521,100506,106959,41182,15447 , 494 , 14 , -127.00 , 565 , 94575 , 92105 , 28
80,0,0,1152508,87913,322091,280612,63366,84901,32716,10667 , 153 , 369 , -127.00 , 579 , 94561 , 92145 , 33
80,0,0,755227,37541,227718,277895,42759,81835,47386,17824 , 311 , ! , -127.00 , 550 , 94351 , 91995 , 33
80,0,0,357610,15754,63327,86060,16598,19716,6347,2507 , 363 , 379 , -127.00 , 543 , 94397 , 92041 , 35
80,0,0,977468,54597,69547,154873,76216,107957,37027,24616 , 496 , 177 , -127.00 , 590 , 94437 , 92095 , 44
80,0,0,1321815,74745,320297,310209,50608,81463,36849,10054 , 251 , 256 , -127.00 , 528 , 95240 , 92463 , 40
80,0,0,726951,42665,204214,257646,42705,84762,55602,26473 , 104 , 378 , -127.00 , 552 , 94947 , 92360 , 43
80,0,0,1412832,55863,380895,370392,67000,107672,24848,8772 , 104 , ! , -127.00 , 526 , 95216 , 92325 , 46
80,0,0,1168923,41176,72536,73852,75372,86173,35738,17166 , 91 , ! , -127.00 , 528 , 95279 , 92584 , 36
80,0,0,1275026,50784,242802,249854,50595,78341,34105,11680 , 98 , 156 , -127.00 , 544 , 95072 , 92444 , 28
80,0,0,469926,57281,112162,158108,51607,80461,46936,16420 , 154 , 185 , -127.00 , 531 , 95362 , 92525 , 31
80,0,0,1033492,61044,190600,220416,67618,71711,42527,11274 , 142 , 267 , -127.00 , 487 , 95229 , 92486 , 47
80,0,0,735194,41819,254245,245669,53521,75245,43197,17623 , 131 , 401 , -127.00 , 556 , 94664 , 92091 , 47
80,0,0,648849,69945,22502,37966,16600,19389,7921,3769 , 111 , 97 , -127.00 , 533 , 95296 , 92442 , 46
80,0,0,1055611,78865,259088,275593,47567,71273,36280,15347 , 99 , 248 , -127.00 , 519 , 95023 , 92311 , 35
80,0,0,243024,83313,19282,70755,21466,22059,9144,3495 , 93 , ! , -127.00 , 366 , 95671 , 92509 , 38
80,0,0,1410430,279890,106639,186506,286004,251601,39438,24834 , 187 , 71 , -127.00 , 451 , 96672 , 93188 , 47
55,0,0,1222978,51542,25445,35695,24113,21013,3216,2751 , 187 , 136 , -127.00 , 507 , 96494 , 93167 , 29
80,0,0,1141172,49415,161128,142805,109523,94636,21088,7408 , 132 , 363 , -127.00 , 505 , 97337 , 93529 , 38
80,0,0,1484877,35113,68618,76357,20340,24845,6036,2612 , 124 , 240 , -127.00 , 478 , 97000 , 93378 , 32
80,0,0,1718627,174531,94985,196954,116148,129143,21004,8462 , 111 , 412 , -127.00 , 561 , 96160 , 93094 , 45
80,0,0,694477,45285,51313,79902,23776,37152,5329,3164 , 106 , 186 , -127.00 , 537 , 97241 , 93448 , 35
80,0,0,713296,18745,83480,101955,29031,29198,4554,1162 , 97 , 357 , -127.00 , 533 , 97071 , 93317 , 24
80,0,0,1836705,209108,73680,244826,123337,165731,31104,16033 , 107 , ! , -127.00 , 539 , 97403 , 93313 , 45
80,0,0,614723,44880,46133,53963,19976,29854,4324,2053 , 120 , 347 , -127.00 , 537 , 96541 , 92963 , 30
80,0,0,887682,250867,112048,183423,114362,162016,35128,13841 , 89 , 351 , -127.00 , 594 , 96177 , 92858 , 43
80,0,0,1500587,309049,45493,134570,99005,115320,35443,8565 , 93 , 278 , -127.00 , 548 , 96203 , 92896 , 37
80,0,0,907891,63981,17165,38587,22637,20989,8827,2326 , 137 , 387 , -127.00 , 496 , 96106 , 92914 , 56
80,0,0,1056126,41240,33740,44704,71636,41763,21281,3998 , 96 , ! , -127.00 , 566 , 95713 , 92583 , 51
80,0,0,2823349,1041858,109631,162647,160686,171957,40054,25025 , 547 , 339 , -127.00 , 535 , 95284 , 92428 , 44
80,0,0,911023,319753,66823,155428,74925,80296,54092,17974 , 408 , 220 , -127.00 , 570 , 94659 , 92058 , 51
80,0,0,533728,211349,27945,133491,93478,121847,51699,14883 , 125 , 366 , -127.00 , 521 , 95577 , 92471 , 33
80,0,0,1258152,201426,25615,136773,67524,106393,30087,4824 , 202 , 366 , -127.00 , 508 , 95129 , 92229 , 46
80,0,0,1043838,180760,37092,173939,95626,126842,32394,6957 , 490 , 357 , -127.00 , 562 , 95824 , 92574 , 31
80,0,0,1354872,169740,27526,143321,74385,112050,30141,5090 , 414 , 290 , -127.00 , 496 , 95660 , 92487 , 48
80,0,0,558176,167719,28907,131223,83481,110200,30784,7275 , 394 , 354 , -127.00 , 614 , 95107 , 92253 , 58
80,0,0,596200,155296,25507,106930,66454,92092,19952,5236 , 298 , 368 , -127.00 , 591 , 95865 , 92636 , 47
80,0,0,480241,162401,27332,115388,74485,102869,27444,6698 , 341 , ! , -127.00 , 379 , 95863 , 92753 , 56
80,0,0,596882,193623,29018,110126,79627,113061,25396,6515 , 681 , ! , -127.00 , 512 , 94973 , 92246 , 53
80,0,0,463818,17317,38170,77864,57767,35344,28111,7678 , 393 , 257 , -127.00 , 367 , 95526 , 92540 , 24
80,0,0,564002,219672,22482,113475,64706,101007,23034,5663 , 680 , 319 , -127.00 , 601 , 94480 , 92000 , 37
80,0,0,644197,87022,62010,104280,66844,98506,13646,6728 , 503 , 156 , -127.00 , 389 , 94630 , 92043 , 45
80,0,0,545555,207564,29872,131169,78264,112367,31176,7671 , 681 , ! , -127.00 , 499 , 95061 , 92176 , 46
80,0,0,1418766,156222,27264,159214,83015,126420,44046,9966 , 684 , 357 , -127.00 , 526 , 94697 , 91849 , 36
80,0,0,1205631,153431,18504,111426,60701,103477,21819,5394 , 488 , 206 , -127.00 , 505 , 94701 , 91655 , 31
80,0,0,1315714,96548,36773,59485,52550,67861,36397,9935 , 363 , 215 , -127.00 , 507 , 94565 , 91491 , 35
80,0,0,1319232,101297,29164,87252,78782,37556,16871,5229 , 292 , 384 , -127.00 , 584 , 94611 , 91248 , 20
80,0,0,1480883,117881,80798,84837,85796,70169,30548,5975 , 310 , 418 , -127.00 , 546 , 94326 , 90975 , 21
80,0,0,1077307,131746,20620,94552,68081,74426,32218,6460 , 344 , 385 , 85.00 , 514 , 95822 , 91510 , 42
80,0,0,1292924,174686,23683,148328,79257,105437,51704,11749 , 308 , 341 , 85.00 , 514 , 95696 , 91215 , 34
80,0,0,431278,223471,67361,217180,69867,125025,70736,23142 , 394 , 277 , 85.00 , 540 , 95639 , 90685 , 41
80,0,0,694124,20085,79773,218332,126225,133307,59622,18526 , 252 , 249 , 85.00 , 558 , 96235 , 90862 , 44
80,0,0,231940,51895,17756,3756,16932,10561,6173,2917 , 191 , 331 , -127.00 , 542 , 96165 , 90519 , 45
80,0,0,1557626,571782,127912,618845,336355,377562,112623,42103 , 202 , 257 , 85.00 , 405 , 97882 , 91333 , 57
80,0,0,1332540,787595,87124,452991,222078,260313,101243,32947 , 102 , 475 , -127.00 , 513 , 97475 , 90811 , 39
80,0,0,1021609,84485,202631,373505,241190,188727,31957,12569 , 180 , ! , -127.00 , 580 , 97242 , 90650 , 23
80,0,0,2083466,657795,58189,574243,347361,361264,202393,62680 , 161 , 445 , -127.00 , 575 , 97026 , 90469 , 45
80,0,0,597629,164801,14508,82577,55128,71274,23784,6294 , 144 , 295 , -127.00 , 577 , 96566 , 90226 , 47
80,0,0,1292070,105407,34785,108250,87859,48291,24876,7400 , 153 , 309 , -127.00 , 548 , 96249 , 89954 , 42
80,0,0,557052,26654,27372,19989,18461,14360,6633,1138 , 176 , 228 , -127.00 , 544 , 95683 , 89705 , 27
80,0,0,1352646,106831,49665,120539,98124,49763,23409,6767 , 118 , 314 , -127.00 , 562 , 95359 , 89574 , 22
80,0,0,2191817,105728,107327,89032,81902,50346,22562,4002 , 133 , 336 , 85.00 , 418 , 96250 , 90221 , 45
80,0,0,660045,151383,24867,89012,67324,88965,53851,13159 , 99 , 495 , -127.00 , 561 , 96336 , 90134 , 31
80,0,0,1101919,104563,21453,103482,78978,66048,29646,5360 , 100 , ! , -127.00 , 580 , 96155 , 89999 , 47
80,0,0,1061583,110162,22451,87529,61520,64712,26313,8005 , 100 , 305 , -127.00 , 549 , 95883 , 89967 , 36
80,0,0,1329871,95547,42896,101202,88652,45882,19717,4870 , 116 , 370 , -127.00 , 513 , 96343 , 90246 , 32
80,0,0,1507306,103950,70978,74016,64234,97885,15648,4961 , 102 , 360 , -127.00 , 464 , 96996 , 90580 , 40
80,0,0,1305654,101634,31422,99139,86919,43928,18760,5549 , 115 , 311 , -127.00 , 452 , 97667 , 91057 , 44
80,0,0,561666,31199,31006,15746,16049,17059,8292,1500 , 102 , 160 , -127.00 , 550 , 97039 , 90910 , 44
80,0,0,1222798,117557,33618,122307,97741,48691,21522,5930 , 101 , 0 , -127.00 , 580 , 96393 , 90686 , 42
80,0,0,1500837,139729,47576,100594,79455,60035,23578,6253 , 93 , ! , -127.00 , 565 , 95962 , 90417 , 48
80,0,0,1360073,103437,47870,91846,84033,50664,23246,6614 , 122 , ! , -127.00 , 516 , 96105 , 90376 , 43
80,0,0,1097963,99829,22303,108331,81043,59611,31181,6179 , 133 , 329 , -127.00 , 502 , 96386 , 90579 , 39
80,0,0,1075170,109581,23161,107483,78023,76232,39837,8235 , 256 , ! , 85.00 , 430 , 96434 , 90581 , 45
80,0,0,1420050,93441,61308,85480,75311,78168,40085,9102 , 171 , 226 , -127.00 , 471 , 97041 , 91143 , 40
80,0,0,931516,191764,19476,63815,39040,70890,44229,12303 , 237 , 361 , -127.00 , 465 , 97189 , 91175 , 45
80,0,0,1366991,142286,15079,131611,69843,94087,38772,7912 , 155 , ! , 85.00 , 594 , 97110 , 91250 , 44
80,0,0,2172745,157717,39569,54937,47132,69210,44099,12744 , 684 , 365 , -127.00 , 656 , 97059 , 91282 , 29
80,0,0,1238005,64364,162908,300557,166104,173559,44848,21256 , 682 , 329 , -127.00 , 556 , 96593 , 91050 , 51
80,0,0,1399384,115983,38221,132722,68084,100941,41056,10953 , 569 , 122 , -127.00 , 612 , 96616 , 91138 , 22
80,0,0,470575,74872,76619,28736,122476,139955,87662,55172 , 269 , ! , -127.00 , 557 , 96779 , 91047 , 41
80,0,0,598096,257512,29391,66238,170952,291904,167003,138836 , 138 , 347 , -127.00 , 583 , 96127 , 90924 , 30
80,0,0,511230,92957,25727,78668,50665,89364,18293,5759 , 686 , 377 , -127.00 , 568 , 96008 , 90909 , 54
80,0,0,1215216,1046104,167265,796529,469254,416537,145596,71824 , 680 , 359 , -127.00 , 513 , 95935 , 90995 , 35
80,0,0,1160674,1284847,52545,403287,165989,253957,111336,44865 , 252 , 390 , -127.00 , 557 , 95648 , 90895 , 31
80,0,0,827100,47372,151113,316344,205032,158837,22994,14700 , 679 , 492 , -127.00 , 577 , 95567 , 90803 , 27
80,0,0,517431,31922,3016,3476,12863,13983,14400,10128 , 678 , 324 , -127.00 , 540 , 95435 , 90965 , 36
80,0,0,550518,196239,27412,128014,66678,94068,39689,9910 , 679 , 250 , -127.00 , 555 , 95022 , 90878 , 40
80,0,0,1235233,180785,20522,118502,65170,88741,54200,14851 , 652 , 350 , -127.00 , 550 , 94796 , 90748 , 45
80,0,0,1239329,91617,37714,74720,69002,58347,29401,8120 , 464 , 344 , -127.00 , 532 , 94829 , 90803 , 34
80,0,0,1148088,94927,28136,84208,63279,79728,45442,15480 , 355 , 354 , -127.00 , 557 , 94608 , 90763 , 60
80,0,0,356818,229109,38430,213355,132268,118938,46276,14545 , 221 , 353 , -127.00 , 541 , 94467 , 90636 , 42
80,0,0,573105,180074,23943,99726,68757,85633,52086,15763 , 130 , 330 , -127.00 , 532 , 94212 , 90557 , 34
80,0,0,617753,20015,26685,101621,83159,24515,53407,27852 , 116 , 451 , 85.00 , 488 , 95860 , 91516 , 41
80,0,0,492616,101618,24611,77803,52701,88379,19997,5828 , 106 , 135 , -127.00 , 474 , 96427 , 91742 , 49
80,0,0,1236541,98319,25429,86042,72959,55617,25439,5832 , 128 , 313 , 85.00 , 502 , 96677 , 92106 , 39
80,0,0,1131062,89037,27381,97468,69658,81347,46422,10041 , 109 , 421 , -127.00 , 327 , 98790 , 93227 , 56
80,0,0,1557841,222702,108671,54892,48402,56805,26477,15234 , 210 , 252 , -127.00 , 600 , 97047 , 92632 , 37
80,0,0,697855,52750,54371,25328,31309,22017,5347,1168 , 219 , 316 , -127.00 , 581 , 96425 , 92438 , 33
80,0,0,1594885,32622,22692,29823,16872,16395,4961,1967 , 267 , 421 , -127.00 , 971 , 96381 , 92393 , 33
80,0,0,842326,28511,75631,79197,14330,51729,38538,20049 , 204 , 339 , -127.00 , 340 , 96700 , 92766 , 43
80,0,0,1442908,924096,176573,785113,443342,416335,136390,65886 , 687 , ! , -127.00 , 793 , 96513 , 92342 , 41
80,0,0,451636,169397,36077,35995,62488,148741,128287,39440 , 686 , 42 , -127.00 , 570 , 96165 , 92381 , 54
80,0,0,483507,63662,11180,24966,110751,98931,37838,21050 , 684 , 335 , -127.00 , 617 , 95567 , 92021 , 44
80,0,0,2094001,20535,178322,260407,151836,85918,57667,32670 , 682 , ! , -127.00 , 234 , 96099 , 92039 , 53
80,0,0,1515241,109367,26304,41696,78345,34352,60730,90388 , 685 , 458 , -127.00 , 284 , 96061 , 92113 , 39
80,0,0,1204416,87919,42331,48836,85586,81949,50732,38073 , 679 , 326 , -127.00 , 0 , 95303 , 91642 , 42
80,0,0,254080,60785,18022,45460,75707,127170,77447,38279 , 682 , 396 , -127.00 , 492 , 94833 , 91434 , 38
80,0,0,965169,139330,138754,61849,31855,32341,26191,7551 , 181 , 352 , -127.00 , 628 , 96028 , 92088 , 50
80,0,0,1475530,36854,197165,207687,75868,105551,76074,56037 , 91 , 302 , -127.00 , 694 , 97014 , 92669 , 40
80,0,0,157662,168186,24147,20636,88049,158003,64961,35640 , 684 , ! , -127.00 , 549 , 98197 , 93273 , 52
80,0,0,2234047,29506,201808,312426,228947,99727,105059,67138 , 160 , 362 , -127.00 , 623 , 97482 , 93026 , 42
80,0,0,2335758,631513,59634,362134,247079,278642,146164,37224 , 72 , 256 , -127.00 , 656 , 96400 , 92510 , 28
80,0,0,1848642,99681,66373,63473,46442,72298,40252,11624 , 63 , 320 , -127.00 , 614 , 96458 , 92509 , 36
80,0,0,546160,27994,26074,16673,16573,15044,7210,1698 , 57 , 352 , 85.00 , 562 , 96160 , 92261 , 39
80,0,0,1228544,89497,36340,69326,63557,77369,41006,11808 , 56 , ! , -127.00 , 530 , 94351 , 91879 , 15
80,0,0,864755,177745,26048,106659,46622,70750,49829,10744 , 56 , ! , -127.00 , 526 , 94232 , 91724 , 40
80,0,0,805552,139394,34793,104702,46074,77508,53605,17552 , 56 , 390 , -127.00 , 526 , 95462 , 92232 , 39
80,0,0,1696418,143856,19910,87424,34255,64327,45453,9700 , 56 , 264 , -127.00 , 482 , 96129 , 92448 , 45
80,0,0,1633117,189071,78646,102322,101493,81387,23601,7590 , 57 , 458 , -127.00 , 513 , 96193 , 92477 , 35
80,0,0,1371692,101410,37291,89776,73259,63986,33123,7368 , 56 , 371 , -127.00 , 524 , 95917 , 92338 , 35
80,0,0,1497070,112711,122609,79855,71949,96727,18176,5734 , 58 , 400 , -127.00 , 502 , 95771 , 92263 , 38
80,0,0,2133727,101569,101713,62098,55857,72798,41859,9499 , 56 , 0 , -127.00 , 533 , 95855 , 92291 , 36
80,0,0,1393859,107548,63736,63427,73755,100204,19030,4852 , 60 , ! , -127.00 , 571 , 95490 , 92135 , 35
80,0,0,1432541,150060,97003,84510,95309,79565,33235,6481 , 58 , ! , -127.00 , 524 , 95682 , 92235 , 45
80,0,0,2079731,93539,67729,73426,55326,55850,27171,4472 , 57 , 412 , -127.00 , 552 , 95446 , 92139 , 48
80,0,0,1393134,123365,76764,75319,83424,73149,33308,7838 , 55 , 0 , -127.00 , 529 , 95571 , 92148 , 31
80,0,0,1497179,148796,118182,102976,108369,74710,31329,5698 , 58 , 335 , -127.00 , 531 , 95487 , 92120 , 29
80,0,0,604508,37225,20397,17618,19266,16975,6688,2200 , 57 , ! , -127.00 , 531 , 95495 , 92096 , 45
80,0,0,1847565,100538,70495,62135,46909,70045,38844,10653 , 57 , 367 , -127.00 , 531 , 95075 , 91986 , 35
80,0,0,481329,222418,32429,169280,109414,104830,36405,13348 , 58 , 0 , -127.00 , 530 , 95383 , 92125 , 31
80,0,0,1230550,95380,24239,54391,49728,60611,32938,10584 , 61 , ! , -127.00 , 492 , 95288 , 92156 , 39
80,0,0,1463253,134896,98679,111862,112044,62778,24784,4026 , 57 , 382 , -127.00 , 540 , 95113 , 91983 , 49
80,0,0,2140046,145207,81158,65050,69555,68236,34248,9485 , 57 , 502 , -127.00 , 481 , 95912 , 92429 , 41
80,0,0,1478123,148771,117838,113312,113386,71229,23744,4113 , 56 , 91 , -127.00 , 550 , 95540 , 92293 , 50
80,0,0,1624061,159312,33517,61557,59706,65594,31489,9817 , 58 , 320 , -127.00 , 543 , 95952 , 92508 , 33
80,0,0,1389795,116872,121657,85331,73970,94795,19526,5703 , 60 , ! , -127.00 , 508 , 95770 , 92416 , 37
80,0,0,589998,49754,50736,21538,27816,20543,6792,1252 , 58 , ! , -127.00 , 498 , 95308 , 92181 , 30
80,0,0,1499562,116883,73559,71475,78682,69404,33800,6327 , 56 , 0 , -127.00 , 481 , 96196 , 92619 , 25
80,0,0,1399270,86056,94672,67423,82237,111921,16183,4460 , 59 , 450 , -127.00 , 553 , 95836 , 92438 , 33
80,0,0,660090,37234,28632,18415,21117,20187,5902,1641 , 60 , 498 , -127.00 , 700 , 95958 , 92473 , 36
80,0,0,1069015,203261,28233,60313,44650,59086,36840,9028 , 61 , ! , -127.00 , 704 , 95659 , 92406 , 37
80,0,0,1278319,1264581,153177,222758,535894,810825,475518,357391 , 59 , ! , -127.00 , 623 , 95368 , 92242 , 25
80,0,0,1178866,1478216,755841,309320,72234,356814,199990,97573 , 56 , 94 , -127.00 , 570 , 95492 , 92219 , 34
80,0,0,651823,57604,8804,18547,7292,17050,30384,16893 , 57 , 0 , -127.00 , 508 , 95489 , 92232 , 41
80,0,0,561274,6868,38370,51016,17547,16128,11207,4567 , 57 , 0 , -127.00 , 531 , 94896 , 91922 , 43
80,0,0,2281968,71811,309034,424979,344406,84355,149515,85585 , 60 , ! , -127.00 , 856 , 99732 , 94363 , 46
80,0,0,560270,62657,5927,12865,12965,30879,36293,19268 , 59 , ! , -127.00 , 582 , 97988 , 93365 , 44
80,0,0,155640,107155,10529,31639,49780,137390,129051,47329 , 58 , 389 , -127.00 , 546 , 98094 , 93541 , 33
80,0,0,509278,149426,14969,40133,129116,189495,117630,63098 , 59 , 403 , -127.00 , 542 , 98320 , 93715 , 33
80,0,0,1592309,80766,8382,65923,129159,154239,178199,90525 , 60 , 434 , -127.00 , 545 , 98671 , 93876 , 31
80,0,0,208415,113689,30210,55737,51593,143787,130288,52697 , 58 , 104 , -127.00 , 548 , 97844 , 93526 , 54
80,0,0,214090,110668,5358,34721,134013,194279,113219,60465 , 58 , 0 , -127.00 , 484 , 96618 , 93019 , 39
80,0,0,661973,140940,14274,81496,63265,71556,37527,8003 , 61 , ! , -127.00 , 531 , 96453 , 92971 , 35
80,0,0,1561916,127843,90104,77363,86996,76285,32240,6378 , 59 , ! , -127.00 , 351 , 94646 , 92091 , 28
80,0,0,669773,137787,23342,68698,53261,83778,49459,14173 , 58 , 296 , -127.00 , 515 , 98732 , 94063 , 38
80,0,0,784997,17974,117449,159681,88633,92375,10230,5972 , 59 , 358 , -127.00 , 409 , 101739 , 95547 , 52
80,0,0,524943,195672,13037,105149,55828,59264,28724,8259 , 59 , 358 , -127.00 , 506 , 101051 , 95295 , 52
80,0,0,1946281,99496,47322,62288,43122,52097,28165,6614 , 59 , 356 , -127.00 , 534 , 101903 , 94852 , 35
80,0,0,1057263,213552,41938,60753,56876,65455,35747,8597 , 59 , 286 , -127.00 , 515 , 101117 , 95310 , 39
80,0,0,1522868,118236,79429,79301,85111,64915,27691,4586 , 60 , 410 , -127.00 , 614 , 100289 , 94984 , 52
80,0,0,1114633,211429,39453,53812,53201,62466,34968,8538 , 59 , 482 , -127.00 , 519 , 101247 , 95141 , 46
80,0,0,1513329,141308,105521,108912,111390,65474,26433,4191 , 59 , 379 , -127.00 , 597 , 100257 , 94894 , 36
80,0,0,1430169,91814,87210,67715,72939,106324,15450,4404 , 60 , 323 , 85.00 , 368 , 98909 , 94292 , 31
80,0,0,1379292,77538,89724,47411,93432,104333,14603,5160 , 59 , 350 , 85.00 , 467 , 99418 , 94492 , 43
80,0,0,1598011,164909,42894,76003,67374,71371,30591,7634 , 61 , 439 , -127.00 , 405 , 99583 , 94445 , 49
80,0,0,1663150,205030,160934,129533,141532,89126,24940,5640 , 59 , 365 , -127.00 , 531 , 98241 , 93851 , 50
80,0,0,1469904,92637,80006,80464,60441,95149,17106,5769 , 60 , 328 , -127.00 , 481 , 99324 , 94339 , 43
80,0,0,1577448,101027,88747,73521,72323,112726,18101,5529 , 59 , 340 , 85.00 , 500 , 98400 , 93968 , 40
80,0,0,2128620,150289,40170,55003,50552,62460,38740,9696 , 59 , 434 , -127.00 , 518 , 99674 , 94399 , 25
80,0,0,1912763,98541,43426,73160,44165,68400,40090,9065 , 59 , 333 , -127.00 , 608 , 98021 , 93571 , 55
80,0,0,1581026,106950,95307,79848,75308,110293,16334,4351 , 59 , 346 , -127.00 , 510 , 98800 , 93983 , 30
80,0,0,1393957,106764,74874,56745,90404,112954,18667,4411 , 59 , 391 , -127.00 , 456 , 99271 , 94173 , 59
80,0,0,1422812,148495,102329,79029,92310,83940,35842,7528 , 59 , 245 , -127.00 , 674 , 98503 , 93676 , 37
80,0,0,1482973,95394,93973,76290,76286,108933,16122,4938 , 59 , 353 , 85.00 , 727 , 98304 , 93615 , 35
80,0,0,1413099,88193,26412,85322,69632,49059,27338,7776 , 60 , 256 , -127.00 , 524 , 97909 , 93470 , 39
80,0,0,1359034,97418,70180,56329,80855,109062,20050,5381 , 59 , 442 , -127.00 , 564 , 98126 , 93543 , 38
80,0,0,1346893,101282,67015,55825,85087,111112,15703,4708 , 60 , 383 , -127.00 , 543 , 97111 , 93036 , 41
80,0,0,1935038,217503,85846,80500,83327,90329,31758,6424 , 59 , 473 , 85.00 , 461 , 95791 , 92184 , 45
80,0,0,2191772,111870,146677,48398,118542,123145,24107,8162 , 59 , 352 , 85.00 , 279 , 95239 , 92082 , 36
80,0,0,1398392,64891,49688,74480,51076,43321,30720,8953 , 59 , 281 , 85.00 , 525 , 94847 , 91921 , 47
80,0,0,1347790,29929,11607,29105,10937,13611,5106,1521 , 59 , ! , 85.00 , 510 , 94954 , 91960 , 36
80,0,0,984069,32469,24245,31553,19215,15916,5325,1625 , 59 , 321 , 85.00 , 484 , 94402 , 91758 , 41
80,0,0,1647651,106260,88132,75910,78917,93575,15549,4388 , 59 , 375 , 85.00 , 521 , 95093 , 91994 , 36
80,0,0,1516969,98945,14753,123386,89746,50746,27831,9535 , 60 , 340 , 85.00 , 512 , 94338 , 91695 , 29
80,0,0,756308,60036,13076,22203,17858,14242,4365,1796 , 59 , 87 , 85.00 , 573 , 94121 , 91547 , 59
80,0,0,983755,28627,23850,24969,23467,20498,7033,2106 , 59 , 289 , 85.00 , 407 , 94100 , 91595 , 49
80,0,0,1750415,129994,122914,107917,117578,122438,39732,7776 , 59 , 186 , 85.00 , 545 , 94159 , 91554 , 41
80,0,0,1353055,87662,82941,58930,83459,92323,22682,8068 , 59 , 402 , 85.00 , 459 , 93964 , 91487 , 42
80,0,0,727416,22430,23827,22096,21238,22845,10221,1857 , 62 , ! , 85.00 , 494 , 94081 , 91561 , 49
80,0,0,1495153,85283,69396,79690,76781,73788,27363,9537 , 59 , 384 , 85.00 , 706 , 93303 , 91249 , 32
80,0,0,1718499,121460,80221,112306,98941,61047,25761,12181 , 59 , 252 , 85.00 , 466 , 93269 , 91226 , 34
80,0,0,1301193,93257,36606,95660,74788,61290,30672,8224 , 59 , 241 , 85.00 , 438 , 92998 , 91060 , 43
80,0,0,1192450,85941,29785,107087,77101,79123,29157,6043 , 679 , 332 , 85.00 , 682 , 91862 , 90431 , 41
80,0,0,868935,18564,54935,113659,68909,42902,8616,6340 , 678 , 285 , 85.00 , 514 , 91770 , 90276 , 34
80,0,0,672461,136784,25164,94084,53071,87354,20360,9085 , 293 , 411 , 85.00 , 395 , 91487 , 90090 , 52
80,0,0,1450249,98901,24559,109637,88306,50767,20834,5953 , 677 , 27 , -127.00 , 840 , 91767 , 90221 , 36
80,0,0,1618006,96497,22883,71323,39257,71982,48608,12266 , 678 , 62 , 85.00 , 361 , 91359 , 90019 , 47
80,0,0,1806676,103575,98480,110492,83736,61293,21150,8369 , 679 , 372 , 85.00 , 569 , 91556 , 89985 , 31
80,0,0,1251406,78141,74965,71774,59041,67556,32295,8397 , 683 , ! , 85.00 , 414 , 91362 , 89878 , 23
80,0,0,1748141,108762,107175,89428,68256,84307,22905,8479 , 438 , 432 , 85.00 , 481 , 91160 , 89759 , 32
80,0,0,1825915,125870,43455,77415,52161,77100,47741,12517 , 678 , 379 , -127.00 , 523 , 90718 , 89420 , 36
80,0,0,664054,141102,20688,74230,57904,71925,37635,8919 , 677 , 333 , 85.00 , 454 , 90531 , 89252 , 48
80,0,0,1399168,66567,49582,100047,63635,45295,36041,7806 , 678 , 397 , 85.00 , 430 , 90827 , 89412 , 46
80,0,0,1498201,78974,83574,59977,61190,79217,29048,8829 , 678 , 348 , 85.00 , 596 , 95291 , 91837 , 48
80,0,0,1404534,94792,52031,67870,67314,63967,34985,7262 , 174 , ! , 85.00 , 568 , 95613 , 92020 , 38
80,0,0,839292,36020,19793,15152,15822,17483,6358,1473 , 107 , 484 , 85.00 , 550 , 95077 , 91730 , 47
80,0,0,819674,40704,16740,12821,15301,13317,4546,1853 , 99 , 318 , 85.00 , 496 , 95523 , 92021 , 30
80,0,0,1988626,86734,120543,45958,78884,101631,16229,5631 , 101 , 378 , 85.00 , 516 , 95129 , 91871 , 46
80,0,0,757099,41865,21130,25279,14115,16810,4101,1532 , 95 , 303 , 85.00 , 489 , 95180 , 91959 , 40
80,0,0,1970457,159588,68177,94658,72579,83815,20130,5810 , 91 , 394 , 85.00 , 474 , 95280 , 91961 , 50
80,0,0,693275,51208,37606,22214,21247,16842,5201,1595 , 99 , 326 , 85.00 , 517 , 94582 , 91782 , 29
80,0,0,701948,25096,28810,12040,15642,21387,6285,1404 , 105 , 439 , -127.00 , 452 , 95308 , 92101 , 55
80,0,0,620197,41290,24228,19277,17315,18976,7106,1643 , 91 , 386 , -127.00 , 518 , 94476 , 91722 , 23
80,0,0,731525,26864,29343,8117,19377,26943,4867,1648 , 106 , 364 , 85.00 , 563 , 94847 , 91974 , 57
80,0,0,2197902,224804,66110,57111,51145,57133,31737,6895 , 83 , 413 , -127.00 , 606 , 96131 , 92560 , 30
80,0,0,626733,21472,26975,12820,13660,16309,6406,1729 , 106 , 165 , -127.00 , 512 , 96115 , 92569 , 29
80,0,0,2086645,97045,110640,38925,109798,117038,26508,6405 , 90 , 375 , -127.00 , 0 , 95807 , 92269 , 51
80,0,0,959919,36860,17826,21466,15656,17467,7595,1899 , 121 , 318 , -127.00 , 968 , 96005 , 92581 , 38
80,0,0,1483596,93795,80539,83715,64334,94997,15329,4902 , 98 , 316 , -127.00 , 465 , 95417 , 92309 , 40
80,0,0,1496268,98415,87849,68751,76467,109478,15319,4205 , 90 , 386 , -127.00 , 968 , 96276 , 92710 , 37
80,0,0,1461555,114432,116843,88640,76511,88329,17654,5356 , 89 , 406 , -127.00 , 442 , 95436 , 92323 , 43
80,0,0,1382554,109618,65552,54922,83838,106816,17008,4934 , 82 , 163 , -127.00 , 971 , 95464 , 92257 , 47
80,0,0,1492130,79172,112586,62730,74410,110754,27202,6002 , 82 , 359 , -127.00 , 549 , 95414 , 92266 , 52
80,0,0,1717151,144261,152416,82465,82493,118294,15850,4910 , 89 , 501 , 85.00 , 317 , 95507 , 92267 , 53
80,0,0,1924158,127175,105288,74571,67598,97479,24422,6330 , 90 , 366 , 85.00 , 486 , 95084 , 92160 , 48
80,0,0,598469,27423,35158,7983,23846,28320,3661,1993 , 97 , 475 , 85.00 , 494 , 95026 , 91994 , 55
80,0,0,2230458,91568,109445,61163,62084,75019,27773,9055 , 95 , 177 , -127.00 , 551 , 94880 , 92095 , 48
80,0,0,1527435,105498,85141,74381,70098,107179,17518,4710 , 101 , 315 , -127.00 , 498 , 94852 , 92069 , 51
80,0,0,1654001,157139,46524,63173,68133,76997,31413,10200 , 102 , 376 , -127.00 , 536 , 94777 , 92096 , 50
80,0,0,555234,35728,13159,13782,14651,16084,8802,2493 , 88 , 387 , -127.00 , 573 , 94418 , 91929 , 50
80,0,0,1471255,136846,107500,109908,107373,66302,24955,4417 , 86 , ! , -127.00 , 504 , 94376 , 91883 , 36
80,0,0,1539164,140450,142608,84428,80512,110476,15547,4950 , 73 , 301 , -127.00 , 501 , 94315 , 91938 , 31
80,0,0,1449968,92271,118103,71932,72963,107880,21265,5760 , 137 , 346 , -127.00 , 969 , 94581 , 91864 , 41
80,0,0,2217287,115920,131802,60400,66807,64235,33699,5939 , 81 , 301 , 85.00 , 631 , 95351 , 92380 , 50
80,0,0,1732088,107040,82516,74309,89621,78698,29765,8526 , 115 , ! , -127.00 , 543 , 95387 , 92437 , 50
80,0,0,1343086,124591,68498,75912,77838,84256,46638,18967 , 197 , 306 , -127.00 , 518 , 94923 , 92229 , 39
80,0,0,1176617,90529,26795,80987,71001,61823,30053,5922 , 125 , 382 , -127.00 , 970 , 99368 , 94695 , 33
80,0,0,2102582,406130,217184,92759,79209,100152,33358,10575 , 103 , 402 , -127.00 , 521 , 103173 , 96160 , 44
80,0,0,407608,165052,17341,116517,56123,74846,41316,10841 , 110 , ! , -127.00 , 457 , 103173 , 96084 , 42
80,0,0,1448435,103101,14491,95092,49958,85254,57423,16740 , 86 , 80 , -127.00 , 0 , 102561 , 95847 , 49
80,0,0,645787,127526,16348,67176,48134,86996,51203,14526 , 115 , 357 , -127.00 , 441 , 102062 , 94501 , 53
80,0,0,2099443,93748,84980,54411,49161,55013,31233,6455 , 114 , 161 , -127.00 , 596 , 99189 , 94283 , 40
80,0,0,1643893,178880,71421,99091,89555,77006,25516,7750 , 74 , ! , -127.00 , 403 , 98302 , 93745 , 56
80,0,0,1479605,142644,108908,98738,104124,70902,29158,4835 , 95 , 360 , -127.00 , 566 , 98709 , 94141 , 52
80,0,0,1301936,83935,77566,62811,71030,97637,19099,5489 , 78 , 451 , -127.00 , 654 , 96803 , 93209 , 44
80,0,0,1627764,170795,65838,99416,93368,68545,22755,7616 , 130 , 479 , -127.00 , 969 , 96561 , 93181 , 40
80,0,0,2228818,145900,161277,69705,82333,66567,33421,5598 , 99 , ! , -127.00 , 611 , 94717 , 92233 , 34
80,0,0,649478,68654,51726,110499,92758,161667,118331,70770 , 180 , 381 , -127.00 , 754 , 94890 , 92233 , 43
80,0,0,184124,114435,11097,33194,134178,185471,97073,37179 , 227 , 215 , -127.00 , 624 , 94686 , 92205 , 52
80,0,0,811522,43713,117759,257396,175435,128156,20272,17050 , 684 , ! , -127.00 , 505 , 95558 , 92503 , 35
80,0,0,610232,128294,13918,75299,97374,125750,119002,60415 , 682 , 238 , -127.00 , 485 , 95083 , 92351 , 39
80,0,0,451666,75374,8432,21509,107640,83764,30917,17984 , 679 , 236 , -127.00 , 517 , 94913 , 92276 , 37
80,0,0,1840948,310698,44103,193337,460827,693836,426764,231361 , 293 , 353 , -127.00 , 555 , 95461 , 92520 , 37
80,0,0,1633694,354481,60324,60452,571716,607642,302582,206557 , 685 , 370 , -127.00 , 557 , 100046 , 94798 , 65
80,0,0,2141919,200578,182299,214885,345800,429183,248987,138475 , 484 , 311 , -127.00 , 525 , 103755 , 96473 , 26
80,0,0,521428,151361,18139,106854,68704,81964,48233,17015 , 332 , 351 , -127.00 , 533 , 102201 , 95870 , 37
80,0,0,1326851,95288,41477,65931,65429,62528,31331,7888 , 393 , 411 , -127.00 , 508 , 103878 , 96458 , 34
80,0,0,1544207,179723,157686,119480,115886,86049,21003,5470 , 277 , 308 , -127.00 , 574 , 101110 , 95364 , 23
80,0,0,1494480,170793,122411,83211,102247,88019,35507,7266 , 208 , 369 , -127.00 , 541 , 102080 , 95529 , 23
80,0,0,1088208,220066,36892,51017,51488,62391,35859,8609 , 213 , 196 , -127.00 , 553 , 100710 , 94833 , 37
80,0,0,1511883,157026,124736,111522,119721,73449,28537,5090 , 93 , ! , -127.00 , 567 , 97987 , 93916 , 42
80,0,0,574312,288991,253521,42495,169532,196196,78230,115100 , 128 , 338 , -127.00 , 542 , 98052 , 93867 , 51
80,0,0,524286,157858,10479,74241,48414,63261,26741,8497 , 129 , 136 , -127.00 , 564 , 96961 , 93294 , 36
80,0,0,1144574,81197,28295,49940,49867,62896,35045,10704 , 141 , ! , -127.00 , 0 , 95730 , 92755 , 44
80,0,0,1594863,91351,138948,59689,106408,145006,27090,5050 , 212 , 288 , 85.00 , 503 , 94829 , 92157 , 45
80,0,0,1745107,81786,104747,68418,64390,89058,18490,7338 , 88 , 303 , -127.00 , 600 , 94544 , 91814 , 37
80,0,0,1307691,137456,90333,101514,105244,58925,23149,4577 , 92 , ! , -127.00 , 559 , 94472 , 91932 , 36
80,0,0,1542337,131167,148261,76520,81856,119477,15098,5047 , 90 , ! , 85.00 , 504 , 93932 , 91706 , 48
80,0,0,883261,239218,23627,125395,82641,60933,20754,13233 , 111 , 354 , -127.00 , 481 , 94393 , 91804 , 35
80,0,0,554964,154085,13381,82452,50077,64597,33281,10235 , 103 , 370 , -127.00 , 604 , 93929 , 91687 , 41
80,0,0,587717,203684,18410,94923,58552,79782,42540,12918 , 90 , 484 , -127.00 , 495 , 93690 , 91429 , 32
80,0,0,583645,220445,16886,79406,62474,78204,44375,15892 , 113 , 452 , -127.00 , 503 , 93645 , 91416 , 33
80,0,0,1500171,100814,12774,88555,48272,79885,50725,13084 , 115 , 343 , -127.00 , 542 , 93590 , 91509 , 52
80,0,0,1786899,98246,47036,73313,46842,72146,42945,10886 , 110 , 160 , -127.00 , 969 , 94638 , 92021 , 49
80,0,0,1337387,115715,65947,68914,75391,69901,37351,8695 , 86 , 437 , -127.00 , 537 , 95563 , 92541 , 38
80,0,0,750460,155850,33561,85645,78415,54167,23474,16249 , 108 , 333 , -127.00 , 459 , 96835 , 93172 , 52
80,0,0,741530,169325,18996,62390,48923,78312,48936,19782 , 86 , 490 , -127.00 , 464 , 96870 , 93165 , 38
80,0,0,1251735,101178,48690,68206,71773,53647,28388,6117 , 83 , 373 , -127.00 , 484 , 96253 , 92853 , 36
80,0,0,1522233,158925,117444,94037,108001,82201,34310,6787 , 107 , 385 , -127.00 , 636 , 96123 , 92825 , 47
80,0,0,1595103,159827,45922,81659,76728,63718,26211,8843 , 91 , 275 , -127.00 , 590 , 96515 , 93008 , 44
80,0,0,1605508,150808,43336,68546,66397,71328,30638,9571 , 103 , 441 , -127.00 , 537 , 97889 , 93557 , 43
80,0,0,1624455,160103,34139,66553,64889,57077,24593,7035 , 106 , 306 , -127.00 , 608 , 97784 , 93572 , 34
80,0,0,1298755,105954,49372,64642,67924,67883,37621,10266 , 164 , 406 , -127.00 , 519 , 101263 , 95270 , 43
80,0,0,1443627,104488,50859,84104,83306,55435,25319,4747 , 135 , 331 , 85.00 , 463 , 100912 , 95186 , 38
80,0,0,2144412,97471,88725,69380,55201,63215,33028,5010 , 99 , 285 , -127.00 , 287 , 102660 , 95923 , 40
80,0,0,1833477,107994,33404,107018,62288,60263,32466,4236 , 96 , 363 , -127.00 , 438 , 100346 , 94822 , 43
80,0,0,1683024,175243,64971,92761,82870,75329,24152,7434 , 112 , 302 , -127.00 , 288 , 95477 , 92391 , 25
80,0,0,1091903,221688,40928,61318,55853,66860,37522,8602 , 142 , 283 , -127.00 , 618 , 95465 , 92366 , 34
80,0,0,583639,79442,33988,55147,44263,69808,18609,7484 , 125 , 260 , -127.00 , 515 , 94111 , 91697 , 41
80,0,0,457401,119466,26575,135233,70214,90861,38802,10711 , 105 , 471 , -127.00 , 518 , 94217 , 91734 , 25
80,0,0,671514,139824,14133,77483,59875,66560,34177,6457 , 112 , 371 , -127.00 , 417 , 93269 , 91167 , 38
80,0,0,619785,153956,20287,78150,55193,88489,49017,13123 , 113 , 232 , -127.00 , 446 , 93192 , 91195 , 32
80,0,0,531456,255885,18698,94675,71250,81042,44235,11811 , 105 , 317 , -127.00 , 441 , 94396 , 91750 , 33
80,0,0,489745,151754,18974,116506,62654,89521,55057,19236 , 107 , ! , -127.00 , 538 , 94346 , 91765 , 34
80,0,0,1422474,137976,16914,105485,54624,83951,48886,11541 , 86 , 333 , -127.00 , 585 , 94102 , 91638 , 33
80,0,0,611228,48534,101954,289926,180475,150398,49060,16523 , 91 , 168 , -127.00 , 576 , 94243 , 91708 , 40
80,0,0,1291536,1234001,55777,450560,272901,339988,106350,21377 , 84 , 300 , -127.00 , 436 , 93895 , 91560 , 38
80,0,0,1161137,992824,178941,842675,511625,464794,186249,67006 , 128 , 308 , -127.00 , 442 , 93932 , 91577 , 31
80,0,0,1149074,1142203,42670,354692,152908,241900,103416,37953 , 90 , 268 , -127.00 , 483 , 94143 , 91752 , 47
80,0,0,1197583,1132566,34228,379109,207761,268140,92903,26777 , 107 , 384 , -127.00 , 477 , 94231 , 91794 , 37
80,0,0,1371647,82623,81183,143700,114999,50547,109461,102925 , 99 , 408 , -127.00 , 455 , 94268 , 91867 , 36
80,0,0,1032693,1181373,42831,385581,178674,287163,99418,45267 , 220 , ! , -127.00 , 550 , 94587 , 91991 , 42
80,0,0,574832,203284,27127,73233,127677,105673,82421,58198 , 129 , 280 , -127.00 , 503 , 94355 , 91903 , 34
80,0,0,1477035,82250,57808,100508,93118,52947,34742,62298 , 146 , 299 , -127.00 , 625 , 94223 , 91875 , 56
80,0,0,546917,9580,19517,53601,45519,23498,24581,16052 , 129 , 317 , -127.00 , 643 , 94480 , 92017 , 38
80,0,0,225599,70815,24574,2647,20739,13071,5519,2706 , 114 , 357 , -127.00 , 557 , 94246 , 91990 , 41
80,0,0,479366,179521,20667,107024,55353,78577,42409,13180 , 105 , ! , -127.00 , 574 , 94958 , 92289 , 33
80,0,0,1539983,115383,20276,96229,52181,72777,42005,7278 , 94 , 403 , -127.00 , 367 , 94694 , 92155 , 27
80,0,0,1812925,99867,57967,61283,39683,79211,50470,15001 , 138 , 13 , -127.00 , 232 , 96011 , 92758 , 40
80,0,0,1311031,94730,46605,72235,72291,56247,27466,6040 , 86 , 356 , -127.00 , 584 , 100841 , 95179 , 40
80,0,0,1666015,287613,175412,116523,100173,106724,35776,9626 , 96 , 190 , -127.00 , 486 , 103006 , 96178 , 30
80,0,0,635452,41126,137009,329989,211352,164316,35040,15103 , 110 , 285 , -127.00 , 754 , 101133 , 95421 , 42
80,0,0,1400720,120415,16266,105838,55929,73915,44549,9964 , 89 , 411 , -127.00 , 644 , 103137 , 96302 , 34
80,0,0,1238578,88846,24792,78468,66522,65483,34256,7047 , 99 , 373 , 85.00 , 947 , 101401 , 95634 , 35
80,0,0,1474363,108274,44259,72422,57377,80086,18188,5281 , 121 , 409 , -127.00 , 969 , 98470 , 93973 , 29
51,0,0,460095,340836,46763,18022,39455,52520,24141,11857 , 136 , ! , -127.00 , 349 , 96594 , 93045 , 44
51,0,0,498202,23686,7644,3952,1710,1078,404,212 , 116 , ! , -127.00 , 640 , 97323 , 93357 , 42
51,0,0,1180648,554282,442267,162386,46051,146120,79734,115997 , 94 , ! , -127.00 , 0 , 95891 , 92732 , 58
51,0,0,1603295,107084,51606,53169,40179,93752,31794,12264 , 117 , ! , -127.00 , 569 , 98867 , 94244 , 53
51,0,0,570394,22895,31473,23180,35631,31718,4256,1928 , 155 , ! , -127.00 , 0 , 101520 , 95672 , 28
51,0,0,731059,265716,38566,85271,178954,121262,40748,16923 , 92 , ! , -127.00 , 0 , 3570 , 2849 , 38
51,0,0,280201,20773,1117,6176,4732,4059,4341,2234 , 114 , ! , -127.00 , 970 , 3508 , 2795 , 48
51,0,0,340039,135901,21552,115641,71888,87762,32669,8821 , 148 , ! , -127.00 , 0 , 3540 , 2814 , 54
51,0,0,633777,152124,17700,68647,54739,93033,55839,18871 , 91 , ! , -127.00 , 970 , 3562 , 2836 , 40
51,0,0,451322,271043,24810,18407,89228,153927,103777,76686 , 167 , ! , -127.00 , 382 , 3563 , 2846 , 52
51,0,0,1150805,66125,31086,43498,63184,46097,63797,104813 , 205 , ! , -127.00 , 0 , 3579 , 2821 , 32
51,0,0,578001,59366,22060,58651,24771,70591,22480,11918 , 100 , ! , -127.00 , 0 , 3579 , 2841 , 38
51,0,0,406948,160846,23030,138949,71847,94116,50519,14609 , 98 , ! , -127.00 , 0 , 3610 , 2840 , 54
51,0,0,267470,202241,35050,165336,97482,98781,37979,13294 , 96 , ! , -127.00 , 968 , 3604 , 2830 , 30
51,0,0,335389,147824,25964,126339,69136,101758,31068,8695 , 107 , ! , -127.00 , 967 , 3588 , 2860 , 34
51,0,0,520711,145964,15274,90583,49174,86081,57746,20232 , 150 , ! , -127.00 , 968 , 3603 , 2850 , 44
51,0,0,484385,152901,17340,103286,59362,79727,49707,15165 , 209 , ! , -127.00 , 14 , 0 , 0 , 0
51,0,0,350849,170861,22562,125628,64617,99638,42350,9089 , 117 , ! , -127.00 , 113 , 0 , 0 , 0
